Top 10
Hit Ratio:0.0545
Precision:0.00545
Recall:0.0545
NDCG:0.02937
Top 20
Hit Ratio:0.08265
Precision:0.00413
Recall:0.08265
NDCG:0.03644
